# This file may be used to create an environment using:
# $ conda create --name <env> --file <this file>
# platform: win-64
altgraph=0.17.2=pyhd8ed1ab_1
bzip2=1.0.8=h8ffe710_4
ca-certificates=2022.9.24=h5b45459_0
certifi=2022.9.24=pyhd8ed1ab_0
future=0.18.2=py37h03978a9_5
gettext=0.19.8.1=h5728263_1009
glib=2.74.0=h12be248_0
glib-tools=2.74.0=h12be248_0
gst-plugins-base=1.20.3=h001b923_2
gstreamer=1.20.3=h6b5321d_2
icu=70.1=h0e60522_0
importlib-metadata=4.11.4=py37h03978a9_0
jpeg=9e=h8ffe710_2
krb5=1.19.3=h1176d77_0
libclang=14.0.6=default_h77d9078_0
libclang13=14.0.6=default_h77d9078_0
libffi=3.4.2=h8ffe710_5
libglib=2.74.0=h79619a9_0
libiconv=1.17=h8ffe710_0
libogg=1.3.4=h8ffe710_1
libpng=1.6.38=h19919ed_0
libsqlite=3.39.3=hcfcfb64_0
libvorbis=1.3.7=h0e60522_0
libwebp=1.2.4=h8ffe710_0
libwebp-base=1.2.4=h8ffe710_0
libxml2=2.10.2=h99b13fb_1
libxslt=1.1.35=h34f844d_0
libzlib=1.2.12=hcfcfb64_3
macholib=1.16.2=pyhd8ed1ab_0
openssl=1.1.1q=h8ffe710_0
pcre2=10.37=hdfff0fc_1
pefile=2022.5.30=pyhd8ed1ab_0
pip=22.2.2=pyhd8ed1ab_0
pycryptodome=3.15.0=py37hcc03f2d_0
pyinstaller=5.1=py37hd4a9ce8_0
pyinstaller-hooks-contrib=2022.10=pyhd8ed1ab_0
pyside2=5.15.6=py37h7185d37_2
python=3.7.12=h7840368_100_cpython
python_abi=3.7=2_cp37m
pywin32=303=py37hcc03f2d_0
pywin32-ctypes=0.2.0=py37h03978a9_1005
qt-main=5.15.6=hf0cf448_0
qt-webengine=5.15.4=h7325c83_3
setuptools=65.3.0=py37h03978a9_0
sqlite=3.39.3=hcfcfb64_0
typing_extensions=4.3.0=pyha770c72_0
ucrt=10.0.20348.0=h57928b3_0
vc=14.2=hb210afc_7
vs2015_runtime=14.29.30139=h890b9b1_7
wheel=0.37.1=pyhd8ed1ab_0
wincertstore=0.2=py37h03978a9_1008
xz=5.2.6=h8d14728_0
zipp=3.8.1=pyhd8ed1ab_0
zstd=1.5.2=h7755175_4
